              0
              0
              0
              0
              0
              0
              0
              0
    0.000685677
      0.0157925
       0.123511
        0.12602
       0.560882
       0.210844
      0.0243764
      0.0185059
      0.0156488
      0.0138453
      0.0133291
      0.0136733
      0.0131946
       0.014986
      0.0666203
       0.280024
       0.136422
       0.137014
       0.053021
      0.0896431
       0.137588
      0.0826546
      0.0216226
       0.167102
      0.0205675
      0.0746733
        0.12676
      0.0847416
      0.0677665
       0.105996
       0.073841
      0.0208676
      0.0209344
       0.132547
      0.0875928
       0.143998
      0.0655891
      0.0336418
       0.101245
      0.0290148
       0.100765
      0.0539704
      0.0477578
      0.0747593
       0.038459
      0.0337932
      0.0267387
       0.046475
      0.0358975
      0.0228683
      0.0454808
      0.0368014
       0.053301
      0.0154114
      0.0283004
      0.0343479
      0.0143312
      0.0254068
      0.0499081
      0.0131435
      0.0176343
      0.0127646
      0.0254007
      0.0167829
       0.016154
      0.0149047
      0.0260315
      0.0187794
      0.0132074
      0.0252412
      0.0150055
      0.0236835
      0.0197804
      0.0161493
     0.00975783
      0.0125719
      0.0158453
     0.00900431
      0.0196505
      0.0113313
      0.0104073
      0.0126497
      0.0120171
      0.0131877
     0.00759678
     0.00809038
     0.00866637
     0.00851783
     0.00691847
      0.0066982
      0.0101446
      0.0063608
      0.0090961
     0.00961075
     0.00822121
      0.0057501
     0.00729088
     0.00650676
     0.00679631
      0.0076807
     0.00575296
     0.00530687
     0.00530723
     0.00516472
     0.00525378
     0.00514469
     0.00483593
     0.00427542
     0.00444818
     0.00501789
     0.00396287
     0.00467408
     0.00374051
     0.00445563
     0.00424168
      0.0037485
      0.0036684
     0.00355246
     0.00399992
     0.00454042
     0.00369505
     0.00306048
     0.00288153
     0.00312712
     0.00272456
     0.00296187
     0.00268743
     0.00287136
     0.00254752
     0.00238852
     0.00232488
     0.00237355
      0.0022613
     0.00256255
     0.00208898
     0.00239808
      0.0023258
      0.0023384
     0.00252369
     0.00203603
     0.00176837
     0.00188044
     0.00184253
     0.00172788
     0.00166842
     0.00171706
     0.00164948
     0.00166569
     0.00142345
     0.00141657
     0.00134842
     0.00130801
     0.00130619
     0.00129953
     0.00125152
     0.00136785
     0.00138045
     0.00121015
     0.00109686
     0.00108509
      0.0010267
     0.00100381
    0.000969193
     0.00098992
     0.00091546
    0.000912527
     0.00088784
    0.000918349
    0.000866629
    0.000808283
    0.000798552
     0.00080024
    0.000735823
    0.000721012
    0.000704477
    0.000725091
    0.000678525
    0.000638137
    0.000622136
    0.000611344
    0.000602239
    0.000591866
    0.000555914
      0.0005418
    0.000556145
    0.000520802
    0.000559682
    0.000490063
    0.000491109
    0.000457177
    0.000449313
    0.000453248
    0.000434603
    0.000418315
    0.000414084
    0.000400911
    0.000380336
    0.000418771
    0.000357773
     0.00035719
    0.000339057
    0.000329813
    0.000322591
    0.000318995
    0.000306756
     0.00029787
     0.00028641
    0.000276453
    0.000278422
    0.000261646
    0.000253827
    0.000253116
    0.000239801
    0.000238085
    0.000229837
    0.000230944
    0.000214718
    0.000209429
    0.000204786
     0.00020007
    0.000191253
    0.000190355
    0.000180968
    0.000177965
    0.000173849
    0.000166321
    0.000162358
    0.000160742
    0.000154313
    0.000151117
     0.00014526
    0.000140686
    0.000137964
    0.000137112
    0.000129849
    0.000125383
    0.000123159
    0.000118528
    0.000115595
    0.000113663
    0.000108761
    0.000105995
     0.00010312
    9.99268e-05
    9.80847e-05
    9.50461e-05
    9.30711e-05
    8.92318e-05
    8.68505e-05
    8.42916e-05
    8.19761e-05
    7.96637e-05
    7.82871e-05
    7.52832e-05
    7.44087e-05
    7.12928e-05
    6.94185e-05
    6.72553e-05
    6.53452e-05
    6.39276e-05
    6.17634e-05
    6.04583e-05
    6.00593e-05
    5.76135e-05
    5.53189e-05
    5.35755e-05
    5.20486e-05
    5.08776e-05
    4.93934e-05
    4.80577e-05
    4.71392e-05
    4.52207e-05
    4.39748e-05
    4.31206e-05
    4.16078e-05
     4.0343e-05
    3.95129e-05
    3.80871e-05
    3.71451e-05
    3.61602e-05
    3.50024e-05
    3.39963e-05
    3.30533e-05
     3.2549e-05
     3.1355e-05
    3.06779e-05
    2.94946e-05
    2.87892e-05
    2.78673e-05
    2.74606e-05
    2.63112e-05
    2.56141e-05
    2.49248e-05
    2.41701e-05
    2.35407e-05
    2.28651e-05
    2.21773e-05
    2.17541e-05
    2.09814e-05
     2.0703e-05
    1.98559e-05
    1.93447e-05
    1.87298e-05
    1.86106e-05
     1.7674e-05
    1.72165e-05
    1.68986e-05
    1.62321e-05
    1.57757e-05
     1.5346e-05
    1.49101e-05
    1.44832e-05
    1.41406e-05
    1.36707e-05
    1.32892e-05
    1.29772e-05
    1.26202e-05
    1.22233e-05
    1.18647e-05
     1.1524e-05
    1.12155e-05
    1.09046e-05
    1.06253e-05
    1.02902e-05
    1.00115e-05
    9.71236e-06
    9.44551e-06
     9.1859e-06
    8.92444e-06
    8.70956e-06
     8.4294e-06
    8.19121e-06
    7.96141e-06
    7.73899e-06
     7.5599e-06
    7.32583e-06
    7.10401e-06
    6.90201e-06
    6.80372e-06
    6.51796e-06
     6.3503e-06
    6.18171e-06
     5.9814e-06
    5.82107e-06
    5.65146e-06
    5.49584e-06
    5.34038e-06
    5.19602e-06
    5.04916e-06
    4.91202e-06
    4.76345e-06
    4.63317e-06
    4.50356e-06
    4.37619e-06
    4.24978e-06
     4.1326e-06
     4.0185e-06
    3.90365e-06
    3.79258e-06
    3.68943e-06
    3.58168e-06
     3.4811e-06
    3.38738e-06
    3.28899e-06
    3.19716e-06
    3.11099e-06
    3.01712e-06
    2.93448e-06
    2.85556e-06
    2.77223e-06
    2.69587e-06
    2.61659e-06
    2.54357e-06
    2.47202e-06
    2.40265e-06
    2.33407e-06
    2.26878e-06
    2.20529e-06
    2.14263e-06
    2.08378e-06
    2.02517e-06
    1.96709e-06
    1.91267e-06
    1.85787e-06
    1.80765e-06
    1.75532e-06
    1.70528e-06
    1.65944e-06
    1.61075e-06
    1.56519e-06
    1.52173e-06
    1.47847e-06
    1.43739e-06
    1.39679e-06
    1.35738e-06
    1.31924e-06
    1.28209e-06
    1.24579e-06
    1.21135e-06
    1.17652e-06
    1.14363e-06
    1.11164e-06
    1.08007e-06
    1.05024e-06
    1.02017e-06
    9.91589e-07
     9.6657e-07
    9.36446e-07
    9.10106e-07
    8.84298e-07
    8.59431e-07
    8.35292e-07
    8.11642e-07
    7.88938e-07
    7.67727e-07
    7.45021e-07
    7.24308e-07
    7.03866e-07
     6.8398e-07
    6.64804e-07
    6.45967e-07
    6.27729e-07
    6.10341e-07
    5.92909e-07
    5.76275e-07
    5.60088e-07
    5.44403e-07
    5.31806e-07
    5.16172e-07
    4.99565e-07
    4.85452e-07
    4.71825e-07
    4.58488e-07
    4.45507e-07
    4.33061e-07
    4.20831e-07
    4.08967e-07
    3.97567e-07
    3.86302e-07
    3.75498e-07
    3.64884e-07
    3.54547e-07
    3.44634e-07
    3.34839e-07
    3.25444e-07
    3.16415e-07
    3.07344e-07
    2.98708e-07
     2.9037e-07
    2.82115e-07
    2.74288e-07
    2.67423e-07
    2.58939e-07
    2.51702e-07
    2.44574e-07
    2.37657e-07
    2.30959e-07
    2.24447e-07
    2.18135e-07
    2.11996e-07
    2.06044e-07
    2.00251e-07
    1.94598e-07
     1.8916e-07
    1.83806e-07
    1.78598e-07
    1.73592e-07
    1.68674e-07
    1.63943e-07
    1.59385e-07
    1.54815e-07
    1.50468e-07
    1.46243e-07
     1.4212e-07
    1.38143e-07
    1.34234e-07
    1.30444e-07
    1.26757e-07
    1.23197e-07
    1.19711e-07
    1.16333e-07
    1.13059e-07
     1.0987e-07
    1.06783e-07
    1.03803e-07
    1.00849e-07
    9.80247e-08
    9.52737e-08
    9.25645e-08
    8.99646e-08
    8.74244e-08
    8.49554e-08
    8.25957e-08
     8.0236e-08
    7.79801e-08
    7.57971e-08
    7.36423e-08
    7.15917e-08
    6.95673e-08
    6.75928e-08
    6.56986e-08
    6.38459e-08
    6.20387e-08
    6.02875e-08
    5.85893e-08
     5.6939e-08
     5.5333e-08
    5.37774e-08
    5.22721e-08
    5.07894e-08
    4.93658e-08
    4.79788e-08
    4.66195e-08
    4.53075e-08
    4.40266e-08
    4.27829e-08
    4.15943e-08
    4.04076e-08
    3.92689e-08
    3.81683e-08
    3.70892e-08
    3.60465e-08
    3.50354e-08
    3.40418e-08
    3.30795e-08
    3.21522e-08
    3.12422e-08
      3.036e-08
    2.95041e-08
    2.86731e-08
    2.78646e-08
    2.70846e-08
    2.63179e-08
    2.55796e-08
    2.48587e-08
    2.41551e-08
    2.34775e-08
    2.28123e-08
    2.21689e-08
    2.15505e-08
    2.09369e-08
    2.03486e-08
    1.97771e-08
    1.92161e-08
    1.86783e-08
    1.81505e-08
    1.76371e-08
    1.71412e-08
    1.66583e-08
    1.61875e-08
    1.57308e-08
    1.52877e-08
    1.48569e-08
    1.44379e-08
     1.4031e-08
    1.36378e-08
    1.32517e-08
    1.28799e-08
    1.25165e-08
    1.21626e-08
    1.18206e-08
    1.14864e-08
    1.11625e-08
    1.08508e-08
    1.05421e-08
    1.02453e-08
     9.9573e-09
    9.67543e-09
    9.40403e-09
    9.13786e-09
    8.88024e-09
    8.62994e-09
    8.38679e-09
    8.15024e-09
    7.92028e-09
    7.69717e-09
    7.48032e-09
    7.26936e-09
    7.06543e-09
    6.86553e-09
    6.67278e-09
    6.48473e-09
    6.30127e-09
    6.12414e-09
    5.95104e-09
    5.78317e-09
    5.62154e-09
    5.46174e-09
    5.30797e-09
    5.15825e-09
    5.01273e-09
    4.87148e-09
    4.73416e-09
    4.60067e-09
    4.47103e-09
    4.34493e-09
    4.22244e-09
    4.10336e-09
    3.98772e-09
    3.87533e-09
    3.76609e-09
    3.65991e-09
    3.55674e-09
    3.45647e-09
    3.35906e-09
    3.26433e-09
    3.17231e-09
    3.08287e-09
    2.99596e-09
     2.9115e-09
    2.82942e-09
    2.74966e-09
    2.67214e-09
    2.59681e-09
    2.52361e-09
    2.45246e-09
    2.38332e-09
    2.31613e-09
    2.25083e-09
    2.18738e-09
    2.12571e-09
    2.06579e-09
    2.00755e-09
    1.95095e-09
    1.89595e-09
     1.8425e-09
    1.79056e-09
    1.74008e-09
    1.69102e-09
    1.64335e-09
    1.59702e-09
      1.552e-09
    1.50825e-09
    1.46573e-09
    1.42441e-09
    1.38425e-09
    1.34523e-09
     1.3073e-09
    1.27045e-09
    1.23463e-09
    1.19982e-09
      1.166e-09
    1.13313e-09
    1.10118e-09
    1.07014e-09
    1.03997e-09
    1.01065e-09
     9.8216e-10
    9.54472e-10
    9.27564e-10
    9.01414e-10
    8.76002e-10
    8.51306e-10
    8.27306e-10
    8.03983e-10
    7.81318e-10
    7.59291e-10
    7.37886e-10
    7.17083e-10
    6.96868e-10
    6.77222e-10
     6.5813e-10
    6.39576e-10
    6.21546e-10
    6.04023e-10
    5.86995e-10
    5.70447e-10
    5.54365e-10
    5.38736e-10
    5.23549e-10
    5.08789e-10
    4.94445e-10
    4.80506e-10
     4.6696e-10
    4.53796e-10
    4.41002e-10
     4.2857e-10
    4.16488e-10
    4.04746e-10
    3.93336e-10
    3.82247e-10
    3.71471e-10
    3.60999e-10
    3.50821e-10
    3.40931e-10
     3.3132e-10
    3.21979e-10
    3.12902e-10
    3.04081e-10
    2.95509e-10
    2.87178e-10
    2.79082e-10
    2.71214e-10
    2.63568e-10
    2.56138e-10
    2.48917e-10
    2.41899e-10
     2.3508e-10
    2.28453e-10
    2.22012e-10
    2.15753e-10
    2.09671e-10
     2.0376e-10
    1.98016e-10
    1.92433e-10
    1.87008e-10
    1.81736e-10
    1.76613e-10
    1.71634e-10
    1.66795e-10
    1.62093e-10
    1.57523e-10
    1.53082e-10
    1.48767e-10
    1.44573e-10
    1.40497e-10
    1.36536e-10
    1.32687e-10
    1.28946e-10
    1.25311e-10
    1.21779e-10
    1.18345e-10
    1.15009e-10
    1.11767e-10
    1.08616e-10
    1.05554e-10
    1.02578e-10
    9.96862e-11
    9.68759e-11
    9.41449e-11
    9.14908e-11
    8.89115e-11
    8.64049e-11
     8.3969e-11
    8.16018e-11
    7.93013e-11
    7.70657e-11
    7.48931e-11
    7.27818e-11
    7.07299e-11
    6.87359e-11
    6.67982e-11
     6.4915e-11
     6.3085e-11
    6.13065e-11
    5.95782e-11
    5.78986e-11
    5.62663e-11
    5.46801e-11
    5.31386e-11
    5.16405e-11
    5.01847e-11
    4.87699e-11
     4.7395e-11
    4.60589e-11
    4.47604e-11
    4.34985e-11
    4.22722e-11
    4.10805e-11
    3.99224e-11
    3.87969e-11
    3.77032e-11
    3.66402e-11
    3.56073e-11
    3.46035e-11
    3.36279e-11
    3.26799e-11
    3.17586e-11
    3.08633e-11
    2.99932e-11
    2.91477e-11
    2.83259e-11
    2.75274e-11
    2.67513e-11
    2.59972e-11
    2.52643e-11
     2.4552e-11
    2.38599e-11
    2.31872e-11
    2.25336e-11
    2.18983e-11
    2.12809e-11
     2.0681e-11
     2.0098e-11
    1.95314e-11
    1.89808e-11
    1.84457e-11
    1.79256e-11
    1.74203e-11
    1.69292e-11
    1.64519e-11
    1.59881e-11
    1.55374e-11
    1.50994e-11
    1.46737e-11
      1.426e-11
     1.3858e-11
    1.34673e-11
    1.30877e-11
    1.27187e-11
    1.23601e-11
    1.20117e-11
    1.16731e-11
     1.1344e-11
    1.10242e-11
    1.07134e-11
    1.04114e-11
    1.01178e-11
    9.83261e-12
    9.55541e-12
    9.28603e-12
    9.02424e-12
    8.76984e-12
     8.5226e-12
    8.28233e-12
    8.04884e-12
    7.82193e-12
    7.60142e-12
    7.38712e-12
    7.17887e-12
    6.97649e-12
    6.77981e-12
    6.58867e-12
    6.40293e-12
    6.22242e-12
      6.047e-12
    5.87653e-12
    5.71086e-12
    5.54986e-12
     5.3934e-12
    5.24135e-12
    5.09359e-12
    4.94999e-12
    4.81045e-12
    4.67483e-12
    4.54304e-12
    4.41497e-12
     4.2905e-12
    4.16954e-12
      4.052e-12
    3.93777e-12
    3.82675e-12
    3.71887e-12
    3.61403e-12
    3.51215e-12
    3.41313e-12
    3.31691e-12
     3.2234e-12
    3.13253e-12
    3.04422e-12
     2.9584e-12
      2.875e-12
    2.79395e-12
    2.71518e-12
    2.63863e-12
    2.56425e-12
    2.49196e-12
     2.4217e-12
    2.35343e-12
    2.28709e-12
    2.22261e-12
    2.15995e-12
    2.09906e-12
    2.03988e-12
    1.98237e-12
    1.92649e-12
    1.87218e-12
     1.8194e-12
    1.76811e-12
    1.71826e-12
    1.66982e-12
    1.62275e-12
      1.577e-12
    1.53254e-12
    1.48934e-12
    1.44735e-12
    1.40655e-12
    1.36689e-12
    1.32836e-12
    1.29091e-12
    1.25452e-12
    1.21915e-12
    1.18478e-12
    1.15138e-12
    1.11892e-12
    1.08738e-12
    1.05672e-12
    1.02693e-12
     9.9798e-13
    9.69845e-13
    9.42504e-13
    9.15933e-13
    8.90111e-13
    8.65018e-13
    8.40631e-13
    8.16933e-13
    7.93902e-13
    7.71521e-13
     7.4977e-13
    7.28633e-13
    7.08092e-13
     6.8813e-13
     6.6873e-13
    6.49878e-13
    6.31557e-13
    6.13752e-13
    5.96449e-13
    5.79634e-13
    5.63294e-13
    5.47414e-13
    5.31981e-13
    5.16984e-13
    5.02409e-13
    4.88245e-13
    4.74481e-13
    4.61105e-13
    4.48105e-13
    4.35473e-13
    4.23196e-13
    4.11265e-13
    3.99671e-13
    3.88404e-13
    3.77454e-13
    3.66813e-13
    3.56472e-13
    3.46423e-13
    3.36656e-13
    3.27165e-13
    3.17942e-13
    3.08979e-13
    3.00268e-13
    2.91803e-13
    2.83577e-13
    2.75582e-13
    2.67813e-13
    2.60263e-13
    2.52926e-13
    2.45796e-13
    2.38866e-13
    2.32132e-13
    2.25588e-13
    2.19228e-13
    2.13048e-13
    2.07042e-13
    2.01205e-13
    1.95533e-13
     1.9002e-13
    1.84663e-13
    1.79457e-13
    1.74398e-13
    1.69482e-13
    1.64704e-13
     1.6006e-13
    1.55548e-13
    1.51163e-13
    1.46901e-13
     1.4276e-13
    1.38735e-13
    1.34824e-13
    1.31023e-13
     1.2733e-13
     1.2374e-13
    1.20252e-13
    1.16861e-13
    1.13567e-13
    1.10365e-13
    1.07254e-13
     1.0423e-13
    1.01292e-13
    9.84363e-14
    9.56612e-14
    9.29644e-14
    9.03436e-14
    8.77966e-14
    8.53215e-14
    8.29162e-14
    8.05786e-14
     7.8307e-14
    7.60994e-14
     7.3954e-14
    7.18691e-14
     6.9843e-14
    6.78741e-14
    6.59606e-14
     6.4101e-14
    6.22939e-14
    6.05378e-14
    5.88311e-14
    5.71726e-14
    5.55608e-14
    5.39944e-14
    5.24723e-14
