              0
              0
              0
              0
              0
              0
              0
       0.399202
        0.99869
      0.0157925
       0.494768
       0.229812
         0.3715
       0.164696
       0.138388
      0.0185059
      0.0156488
      0.0817096
      0.0133291
       0.113474
      0.0131946
       0.014986
      0.0666203
      0.0206193
       0.114705
      0.0230023
       0.113936
      0.0849176
      0.0996362
       0.128802
      0.0677703
       0.134254
      0.0519479
       0.120821
      0.0426602
       0.126164
      0.0218757
      0.0846569
      0.0211219
      0.0422063
      0.0567834
      0.0552757
      0.0562124
      0.0554295
      0.0440757
      0.0191315
      0.0262146
      0.0290148
      0.0193187
      0.0378554
      0.0187372
      0.0389103
      0.0674797
       0.041594
      0.0302908
      0.0168739
      0.0306738
      0.0161587
      0.0257467
      0.0368014
      0.0266577
      0.0365505
      0.0215908
      0.0177164
      0.0143312
      0.0270493
        0.01816
      0.0131435
      0.0218911
      0.0204296
      0.0259053
      0.0153229
      0.0119346
      0.0211097
       0.011657
      0.0142169
      0.0156602
      0.0170716
      0.0202551
      0.0134416
      0.0212778
      0.0161493
        0.01497
      0.0146816
      0.0106331
       0.011114
     0.00875884
     0.00855825
      0.0111668
      0.0112151
      0.0110243
     0.00981378
     0.00759678
      0.0153325
      0.0082073
     0.00708323
      0.0125607
     0.00910832
       0.006612
     0.00702416
     0.00668597
     0.00608619
     0.00724569
     0.00686454
     0.00841331
     0.00553124
     0.00627187
     0.00638501
     0.00665513
     0.00740227
     0.00658949
     0.00778712
     0.00556595
     0.00448134
     0.00438485
      0.0047265
     0.00435002
     0.00404779
     0.00396287
     0.00436734
     0.00394909
     0.00521596
     0.00383598
     0.00367341
     0.00464101
     0.00371736
     0.00361809
         0.0034
     0.00348027
     0.00329877
     0.00302337
      0.0033357
     0.00303129
     0.00265684
     0.00289772
     0.00439191
     0.00267869
      0.0024541
     0.00232488
     0.00226337
     0.00219572
     0.00238367
     0.00223082
     0.00213881
     0.00225942
     0.00198682
      0.0021144
     0.00182861
      0.0019548
     0.00172334
     0.00182233
     0.00163868
     0.00189603
     0.00154569
     0.00169486
      0.0015139
     0.00142345
     0.00140686
     0.00144487
     0.00133834
     0.00138605
      0.0012529
     0.00123749
     0.00128824
     0.00114271
      0.0011583
     0.00112743
     0.00116495
      0.0010267
      0.0010083
    0.000969193
     0.00108716
    0.000993152
    0.000966829
    0.000867333
    0.000897558
    0.000866629
    0.000825853
     0.00077793
    0.000755891
    0.000756445
    0.000794252
    0.000760526
    0.000680493
    0.000657903
    0.000661695
    0.000636159
     0.00062848
    0.000594778
    0.000579279
    0.000582471
      0.0005418
    0.000582233
    0.000534824
    0.000518685
    0.000483579
    0.000495518
    0.000461586
    0.000447902
    0.000468104
    0.000420581
    0.000418368
    0.000401062
    0.000387019
    0.000399546
    0.000409875
    0.000384686
    0.000345669
    0.000337445
    0.000337293
    0.000327177
    0.000309904
     0.00030064
    0.000292406
    0.000296989
    0.000276453
    0.000273075
    0.000262392
    0.000253827
    0.000246632
    0.000243219
    0.000240426
    0.000235233
    0.000224197
    0.000216096
    0.000208788
    0.000203388
    0.000199861
    0.000194026
    0.000187228
     0.00018395
    0.000179266
    0.000171492
    0.000170191
     0.00016256
    0.000157977
    0.000156387
    0.000151667
    0.000155962
    0.000140591
    0.000137557
    0.000132703
    0.000129547
    0.000126761
    0.000124263
    0.000118326
    0.000117773
    0.000112372
    0.000108963
    0.000106088
    0.000103763
     0.00010052
    9.76951e-05
    9.49066e-05
    9.24711e-05
    8.95553e-05
    8.70848e-05
    8.54599e-05
    8.19761e-05
    7.99602e-05
    7.78955e-05
    7.56863e-05
    7.34249e-05
    7.11557e-05
    6.94185e-05
    6.73916e-05
    6.55468e-05
    6.47292e-05
    6.18609e-05
    6.08474e-05
    5.85067e-05
     5.6901e-05
     5.5552e-05
     5.3732e-05
    5.20486e-05
    5.09903e-05
    4.94078e-05
    4.77613e-05
    4.68661e-05
    4.51573e-05
    4.40674e-05
    4.33712e-05
    4.19067e-05
    4.03231e-05
    3.91965e-05
    3.84035e-05
    3.70226e-05
    3.59746e-05
    3.51291e-05
    3.40256e-05
    3.44895e-05
    3.22692e-05
    3.19232e-05
    3.03696e-05
    2.95711e-05
    2.87248e-05
    2.78966e-05
    2.71273e-05
    2.64338e-05
    2.57863e-05
    2.48891e-05
    2.42741e-05
    2.36104e-05
    2.30022e-05
    2.21773e-05
    2.15833e-05
    2.09814e-05
    2.04108e-05
    1.98993e-05
    1.92757e-05
    1.87128e-05
    1.82815e-05
    1.76939e-05
    1.72272e-05
    1.67212e-05
    1.62351e-05
    1.57891e-05
    1.53295e-05
    1.49101e-05
    1.45934e-05
    1.40833e-05
    1.37138e-05
    1.33013e-05
    1.29231e-05
    1.25731e-05
    1.22015e-05
    1.19162e-05
    1.15571e-05
    1.12105e-05
    1.08911e-05
    1.05914e-05
     1.0288e-05
    1.00175e-05
    9.71862e-06
    9.47346e-06
    9.18259e-06
    8.91522e-06
    8.66817e-06
    8.42942e-06
    8.23818e-06
    7.99184e-06
    7.73363e-06
     7.5197e-06
    7.32783e-06
    7.10111e-06
    6.90582e-06
    6.70734e-06
    6.52086e-06
    6.33702e-06
    6.16115e-06
    5.98231e-06
    5.82976e-06
    5.71484e-06
    5.49647e-06
    5.34328e-06
    5.18887e-06
     5.1032e-06
    4.90441e-06
    4.76771e-06
    4.63226e-06
     4.5022e-06
    4.37288e-06
    4.25069e-06
    4.13323e-06
    4.01562e-06
    3.90167e-06
    3.79455e-06
    3.68548e-06
    3.58168e-06
     3.4811e-06
    3.38342e-06
    3.28765e-06
    3.19519e-06
    3.10539e-06
    3.01909e-06
    2.93357e-06
     2.8948e-06
    2.77266e-06
    2.69559e-06
    2.61659e-06
    2.54357e-06
    2.47202e-06
    2.40265e-06
    2.33407e-06
    2.27168e-06
    2.20529e-06
    2.14488e-06
    2.08378e-06
    2.02673e-06
    1.96709e-06
    1.91267e-06
    1.85787e-06
    1.80991e-06
    1.75532e-06
    1.70662e-06
    1.65747e-06
    1.61075e-06
    1.56809e-06
     1.5237e-06
    1.48044e-06
    1.43739e-06
     1.3977e-06
    1.35738e-06
    1.32121e-06
    1.28343e-06
    1.24579e-06
    1.21135e-06
    1.17652e-06
    1.14363e-06
    1.11164e-06
    1.08007e-06
    1.05024e-06
    1.02017e-06
    9.91589e-07
    9.63672e-07
    9.36446e-07
    9.10106e-07
    8.84298e-07
    8.59431e-07
    8.35292e-07
    8.11642e-07
    7.88938e-07
    7.66816e-07
    7.45021e-07
    7.24308e-07
    7.05206e-07
     6.8398e-07
    6.64804e-07
    6.45967e-07
    6.27729e-07
    6.10341e-07
    5.92909e-07
    5.76275e-07
    5.60088e-07
    5.44403e-07
    5.28908e-07
    5.14202e-07
    4.99565e-07
    4.86792e-07
    4.71825e-07
    4.58488e-07
    4.45507e-07
    4.33061e-07
    4.20831e-07
    4.08967e-07
    3.97567e-07
    3.86302e-07
    3.75498e-07
    3.64884e-07
    3.54547e-07
    3.44634e-07
    3.34839e-07
    3.25444e-07
    3.16415e-07
    3.07344e-07
    2.98708e-07
     2.9037e-07
    2.82115e-07
    2.74288e-07
    2.66512e-07
    2.58939e-07
    2.51702e-07
    2.44574e-07
    2.37657e-07
    2.30959e-07
    2.24447e-07
    2.18135e-07
    2.11996e-07
    2.06044e-07
    2.00251e-07
    1.94598e-07
     1.8916e-07
    1.83806e-07
    1.78598e-07
    1.73592e-07
    1.68674e-07
    1.63943e-07
    1.59385e-07
    1.54815e-07
    1.50468e-07
    1.46243e-07
     1.4212e-07
    1.38143e-07
    1.34234e-07
    1.30444e-07
    1.26757e-07
    1.23197e-07
    1.19711e-07
    1.16333e-07
    1.13059e-07
     1.0987e-07
    1.06783e-07
    1.03803e-07
    1.00849e-07
    9.80247e-08
    9.52737e-08
    9.25645e-08
    8.99646e-08
    8.74244e-08
    8.49554e-08
    8.25957e-08
     8.0236e-08
    7.79801e-08
    7.57971e-08
    7.36423e-08
    7.15917e-08
    6.95673e-08
    6.75928e-08
    6.56986e-08
    6.38459e-08
    6.20387e-08
    6.02875e-08
    5.85893e-08
     5.6939e-08
     5.5333e-08
    5.37774e-08
    5.22721e-08
    5.07894e-08
    4.93658e-08
    4.79788e-08
    4.66195e-08
    4.53075e-08
    4.40266e-08
    4.27829e-08
    4.15943e-08
    4.04076e-08
    3.92689e-08
    3.81683e-08
    3.70892e-08
    3.60465e-08
    3.50354e-08
    3.40418e-08
    3.30795e-08
    3.21522e-08
    3.12422e-08
      3.036e-08
    2.95041e-08
    2.86731e-08
    2.78646e-08
    2.70846e-08
    2.63179e-08
    2.55796e-08
    2.48587e-08
    2.41551e-08
    2.34775e-08
    2.28123e-08
    2.21689e-08
    2.15505e-08
    2.09369e-08
    2.03486e-08
    1.97771e-08
    1.92161e-08
    1.86783e-08
    1.81505e-08
    1.76371e-08
    1.71412e-08
    1.66583e-08
    1.61875e-08
    1.57308e-08
    1.52877e-08
    1.48569e-08
    1.44379e-08
     1.4031e-08
    1.36378e-08
    1.32517e-08
    1.28799e-08
    1.25165e-08
    1.21626e-08
    1.18206e-08
    1.14864e-08
    1.11625e-08
    1.08508e-08
    1.05421e-08
    1.02453e-08
     9.9573e-09
    9.67543e-09
    9.40403e-09
    9.13786e-09
    8.88024e-09
    8.62994e-09
    8.38679e-09
    8.15024e-09
    7.92028e-09
    7.69717e-09
    7.48032e-09
    7.26936e-09
    7.06543e-09
    6.86553e-09
    6.67278e-09
    6.48473e-09
    6.30127e-09
    6.12414e-09
    5.95104e-09
    5.78317e-09
    5.62154e-09
    5.46174e-09
    5.30797e-09
    5.15825e-09
    5.01273e-09
    4.87148e-09
    4.73416e-09
    4.60067e-09
    4.47103e-09
    4.34493e-09
    4.22244e-09
    4.10336e-09
    3.98772e-09
    3.87533e-09
    3.76609e-09
    3.65991e-09
    3.55674e-09
    3.45647e-09
    3.35906e-09
    3.26433e-09
    3.17231e-09
    3.08287e-09
    2.99596e-09
     2.9115e-09
    2.82942e-09
    2.74966e-09
    2.67214e-09
    2.59681e-09
    2.52361e-09
    2.45246e-09
    2.38332e-09
    2.31613e-09
    2.25083e-09
    2.18738e-09
    2.12571e-09
    2.06579e-09
    2.00755e-09
    1.95095e-09
    1.89595e-09
     1.8425e-09
    1.79056e-09
    1.74008e-09
    1.69102e-09
    1.64335e-09
    1.59702e-09
      1.552e-09
    1.50825e-09
    1.46573e-09
    1.42441e-09
    1.38425e-09
    1.34523e-09
     1.3073e-09
    1.27045e-09
    1.23463e-09
    1.19982e-09
      1.166e-09
    1.13313e-09
    1.10118e-09
    1.07014e-09
    1.03997e-09
    1.01065e-09
     9.8216e-10
    9.54472e-10
    9.27564e-10
    9.01414e-10
    8.76002e-10
    8.51306e-10
    8.27306e-10
    8.03983e-10
    7.81318e-10
    7.59291e-10
    7.37886e-10
    7.17083e-10
    6.96868e-10
    6.77222e-10
     6.5813e-10
    6.39576e-10
    6.21546e-10
    6.04023e-10
    5.86995e-10
    5.70447e-10
    5.54365e-10
    5.38736e-10
    5.23549e-10
    5.08789e-10
    4.94445e-10
    4.80506e-10
     4.6696e-10
    4.53796e-10
    4.41002e-10
     4.2857e-10
    4.16488e-10
    4.04746e-10
    3.93336e-10
    3.82247e-10
    3.71471e-10
    3.60999e-10
    3.50821e-10
    3.40931e-10
     3.3132e-10
    3.21979e-10
    3.12902e-10
    3.04081e-10
    2.95509e-10
    2.87178e-10
    2.79082e-10
    2.71214e-10
    2.63568e-10
    2.56138e-10
    2.48917e-10
    2.41899e-10
     2.3508e-10
    2.28453e-10
    2.22012e-10
    2.15753e-10
    2.09671e-10
     2.0376e-10
    1.98016e-10
    1.92433e-10
    1.87008e-10
    1.81736e-10
    1.76613e-10
    1.71634e-10
    1.66795e-10
    1.62093e-10
    1.57523e-10
    1.53082e-10
    1.48767e-10
    1.44573e-10
    1.40497e-10
    1.36536e-10
    1.32687e-10
    1.28946e-10
    1.25311e-10
    1.21779e-10
    1.18345e-10
    1.15009e-10
    1.11767e-10
    1.08616e-10
    1.05554e-10
    1.02578e-10
    9.96862e-11
    9.68759e-11
    9.41449e-11
    9.14908e-11
    8.89115e-11
    8.64049e-11
     8.3969e-11
    8.16018e-11
    7.93013e-11
    7.70657e-11
    7.48931e-11
    7.27818e-11
    7.07299e-11
    6.87359e-11
    6.67982e-11
     6.4915e-11
     6.3085e-11
    6.13065e-11
    5.95782e-11
    5.78986e-11
    5.62663e-11
    5.46801e-11
    5.31386e-11
    5.16405e-11
    5.01847e-11
    4.87699e-11
     4.7395e-11
    4.60589e-11
    4.47604e-11
    4.34985e-11
    4.22722e-11
    4.10805e-11
    3.99224e-11
    3.87969e-11
    3.77032e-11
    3.66402e-11
    3.56073e-11
    3.46035e-11
    3.36279e-11
    3.26799e-11
    3.17586e-11
    3.08633e-11
    2.99932e-11
    2.91477e-11
    2.83259e-11
    2.75274e-11
    2.67513e-11
    2.59972e-11
    2.52643e-11
     2.4552e-11
    2.38599e-11
    2.31872e-11
    2.25336e-11
    2.18983e-11
    2.12809e-11
     2.0681e-11
     2.0098e-11
    1.95314e-11
    1.89808e-11
    1.84457e-11
    1.79256e-11
    1.74203e-11
    1.69292e-11
    1.64519e-11
    1.59881e-11
    1.55374e-11
    1.50994e-11
    1.46737e-11
      1.426e-11
     1.3858e-11
    1.34673e-11
    1.30877e-11
    1.27187e-11
    1.23601e-11
    1.20117e-11
    1.16731e-11
     1.1344e-11
    1.10242e-11
    1.07134e-11
    1.04114e-11
    1.01178e-11
    9.83261e-12
    9.55541e-12
    9.28603e-12
    9.02424e-12
    8.76984e-12
     8.5226e-12
    8.28233e-12
    8.04884e-12
    7.82193e-12
    7.60142e-12
    7.38712e-12
    7.17887e-12
    6.97649e-12
    6.77981e-12
    6.58867e-12
    6.40293e-12
    6.22242e-12
      6.047e-12
    5.87653e-12
    5.71086e-12
    5.54986e-12
     5.3934e-12
    5.24135e-12
    5.09359e-12
    4.94999e-12
    4.81045e-12
    4.67483e-12
    4.54304e-12
    4.41497e-12
     4.2905e-12
    4.16954e-12
      4.052e-12
    3.93777e-12
    3.82675e-12
    3.71887e-12
    3.61403e-12
    3.51215e-12
    3.41313e-12
    3.31691e-12
     3.2234e-12
    3.13253e-12
    3.04422e-12
     2.9584e-12
      2.875e-12
    2.79395e-12
    2.71518e-12
    2.63863e-12
    2.56425e-12
    2.49196e-12
     2.4217e-12
    2.35343e-12
    2.28709e-12
    2.22261e-12
    2.15995e-12
    2.09906e-12
    2.03988e-12
    1.98237e-12
    1.92649e-12
    1.87218e-12
     1.8194e-12
    1.76811e-12
    1.71826e-12
    1.66982e-12
    1.62275e-12
      1.577e-12
    1.53254e-12
    1.48934e-12
    1.44735e-12
    1.40655e-12
    1.36689e-12
    1.32836e-12
    1.29091e-12
    1.25452e-12
    1.21915e-12
    1.18478e-12
    1.15138e-12
    1.11892e-12
    1.08738e-12
    1.05672e-12
    1.02693e-12
     9.9798e-13
    9.69845e-13
    9.42504e-13
    9.15933e-13
    8.90111e-13
    8.65018e-13
    8.40631e-13
    8.16933e-13
    7.93902e-13
    7.71521e-13
     7.4977e-13
    7.28633e-13
    7.08092e-13
     6.8813e-13
     6.6873e-13
    6.49878e-13
    6.31557e-13
    6.13752e-13
    5.96449e-13
    5.79634e-13
    5.63294e-13
    5.47414e-13
    5.31981e-13
    5.16984e-13
    5.02409e-13
    4.88245e-13
    4.74481e-13
    4.61105e-13
    4.48105e-13
    4.35473e-13
    4.23196e-13
    4.11265e-13
    3.99671e-13
    3.88404e-13
    3.77454e-13
    3.66813e-13
    3.56472e-13
    3.46423e-13
    3.36656e-13
    3.27165e-13
    3.17942e-13
    3.08979e-13
    3.00268e-13
    2.91803e-13
    2.83577e-13
    2.75582e-13
    2.67813e-13
    2.60263e-13
    2.52926e-13
    2.45796e-13
    2.38866e-13
    2.32132e-13
    2.25588e-13
    2.19228e-13
    2.13048e-13
    2.07042e-13
    2.01205e-13
    1.95533e-13
     1.9002e-13
    1.84663e-13
    1.79457e-13
    1.74398e-13
    1.69482e-13
    1.64704e-13
     1.6006e-13
    1.55548e-13
    1.51163e-13
    1.46901e-13
     1.4276e-13
    1.38735e-13
    1.34824e-13
    1.31023e-13
     1.2733e-13
     1.2374e-13
    1.20252e-13
    1.16861e-13
    1.13567e-13
    1.10365e-13
    1.07254e-13
     1.0423e-13
    1.01292e-13
    9.84363e-14
    9.56612e-14
    9.29644e-14
    9.03436e-14
    8.77966e-14
    8.53215e-14
    8.29162e-14
    8.05786e-14
     7.8307e-14
    7.60994e-14
     7.3954e-14
    7.18691e-14
     6.9843e-14
    6.78741e-14
    6.59606e-14
     6.4101e-14
    6.22939e-14
    6.05378e-14
    5.88311e-14
    5.71726e-14
    5.55608e-14
    5.39944e-14
    5.24723e-14
