              0
              0
              0
              0
              0
              0
              0
      0.0998004
       0.898889
      0.0157925
       0.562633
       0.229812
       0.307628
       0.196632
       0.116672
      0.0185059
       0.151377
      0.0138453
      0.0133291
       0.059821
       0.112995
       0.014986
       0.134485
       0.066767
        0.02241
        0.06915
       0.222845
      0.0996848
      0.0534885
      0.0660415
       0.053003
      0.0729611
       0.126006
      0.0533346
      0.0527019
      0.0521059
      0.0218757
      0.0746152
      0.0211219
      0.0848837
      0.0815924
       0.137272
      0.0203634
      0.0294475
      0.0440757
      0.0191315
      0.0698643
      0.0336581
      0.0193187
      0.0279884
      0.0187372
      0.0175716
      0.0269873
      0.0529468
      0.0366057
      0.0302931
      0.0161634
      0.0207212
      0.0356138
      0.0223719
      0.0422239
      0.0154114
      0.0283004
      0.0146139
      0.0355511
      0.0239468
        0.01816
      0.0198157
      0.0176343
      0.0218896
      0.0155886
      0.0122204
      0.0195996
      0.0184744
      0.0199717
      0.0163266
      0.0204052
       0.022751
      0.0150055
      0.0232163
      0.0131082
      0.0130468
      0.0111924
      0.0135474
      0.0091985
      0.0139832
      0.0108685
     0.00855825
      0.0142693
      0.0136425
      0.0141268
      0.0122239
     0.00903138
      0.0102001
      0.0096419
     0.00805876
      0.0104628
     0.00913936
     0.00758752
     0.00747525
     0.00721042
     0.00706171
     0.00658233
     0.00918652
     0.00662752
     0.00583797
      0.0093054
     0.00617274
     0.00703522
     0.00642674
     0.00604025
     0.00502037
     0.00534824
     0.00523916
     0.00438485
     0.00427542
     0.00459253
     0.00404779
     0.00493297
     0.00385202
     0.00461245
     0.00410152
     0.00376089
     0.00377157
     0.00465787
     0.00341063
     0.00417646
     0.00393838
     0.00303169
     0.00317262
     0.00430814
     0.00282038
      0.0032073
     0.00279868
     0.00296159
     0.00272837
     0.00245107
     0.00238852
     0.00274088
     0.00250165
     0.00249879
     0.00256138
     0.00215457
     0.00202863
     0.00213936
     0.00229978
     0.00208291
     0.00191482
      0.0017987
     0.00172334
     0.00182233
     0.00183104
      0.0016894
     0.00175311
     0.00166993
     0.00156521
     0.00144408
     0.00159482
     0.00200614
     0.00130801
     0.00138605
     0.00130446
     0.00122119
     0.00119868
     0.00123165
     0.00134474
     0.00117813
     0.00106879
     0.00113688
     0.00100381
    0.000978729
      0.0010555
     0.00100815
    0.000942853
     0.00091673
    0.000843425
    0.000822031
     0.00081277
    0.000784414
    0.000776398
    0.000854758
    0.000737032
    0.000739539
    0.000721622
    0.000657903
    0.000638137
    0.000631672
    0.000611344
    0.000602317
    0.000572795
    0.000555914
      0.0005418
    0.000525819
    0.000532618
    0.000500102
    0.000504201
    0.000489904
    0.000457177
      0.0004771
    0.000441559
     0.00042499
    0.000424135
    0.000398064
    0.000389058
    0.000387743
    0.000378716
    0.000366591
    0.000349094
    0.000346952
    0.000336297
    0.000320221
    0.000318995
     0.00030064
    0.000305609
     0.00028641
    0.000277396
    0.000268665
    0.000271927
    0.000256507
    0.000247574
     0.00024184
    0.000236675
    0.000226926
    0.000228163
     0.00021742
    0.000208352
    0.000202747
    0.000205124
    0.000192125
    0.000185945
    0.000180968
    0.000177458
    0.000171147
    0.000167707
    0.000163756
    0.000159708
    0.000153362
    0.000150935
    0.000144388
    0.000141031
    0.000137073
    0.000133201
    0.000130252
    0.000125956
    0.000122866
    0.000118326
     0.00011594
    0.000112148
    0.000108761
    0.000106294
    0.000104409
    0.000101164
     9.7054e-05
    9.50497e-05
    9.17387e-05
    8.97298e-05
     8.6786e-05
    8.44932e-05
    8.35851e-05
    8.30516e-05
    7.75229e-05
    7.66696e-05
    7.36305e-05
    7.19514e-05
    6.92152e-05
    6.78465e-05
    6.54886e-05
    6.44775e-05
    6.20727e-05
    6.03481e-05
    5.84774e-05
    5.68922e-05
    5.51185e-05
    5.35755e-05
    5.22288e-05
    5.07174e-05
    4.92563e-05
    4.80262e-05
    4.67188e-05
    4.55885e-05
    4.39449e-05
    4.30266e-05
    4.14843e-05
    4.05539e-05
    3.92596e-05
    3.83836e-05
    3.74585e-05
    3.60177e-05
    3.50274e-05
     3.4711e-05
    3.31028e-05
    3.23132e-05
    3.12821e-05
     3.0729e-05
    2.94946e-05
    2.87454e-05
    2.79605e-05
    2.71711e-05
    2.63175e-05
    2.56418e-05
    2.48572e-05
    2.42173e-05
    2.34773e-05
    2.28375e-05
    2.21773e-05
    2.16375e-05
    2.09614e-05
    2.08021e-05
    1.98103e-05
    1.92578e-05
    1.87036e-05
    1.83313e-05
    1.77573e-05
    1.72136e-05
    1.67283e-05
    1.62581e-05
    1.58781e-05
    1.53358e-05
     1.4935e-05
    1.44832e-05
    1.40882e-05
    1.36842e-05
    1.32912e-05
    1.29366e-05
    1.25782e-05
    1.22024e-05
    1.18607e-05
    1.15233e-05
    1.12334e-05
    1.09554e-05
    1.05809e-05
     1.0288e-05
    1.00086e-05
    9.71236e-06
    9.44125e-06
    9.18125e-06
    8.91747e-06
    8.68038e-06
    8.43142e-06
    8.19216e-06
    7.96366e-06
    7.73272e-06
     7.5168e-06
    7.30802e-06
    7.10111e-06
    6.90335e-06
     6.7122e-06
    6.51796e-06
    6.33385e-06
    6.15981e-06
    6.05592e-06
     5.8162e-06
    5.65237e-06
    5.50372e-06
    5.34172e-06
    5.18887e-06
    5.04916e-06
    4.90307e-06
    4.76345e-06
    4.63226e-06
     4.4993e-06
    4.37288e-06
    4.25112e-06
    4.13126e-06
    4.02386e-06
    3.90273e-06
    3.79258e-06
    3.68838e-06
    3.58592e-06
     3.4811e-06
    3.38541e-06
    3.28765e-06
    3.19519e-06
     3.1063e-06
    3.01712e-06
    2.93554e-06
     2.8507e-06
    2.77558e-06
    2.69362e-06
    2.61948e-06
    2.54357e-06
    2.48124e-06
    2.40265e-06
    2.33407e-06
    2.27639e-06
     2.2091e-06
    2.14263e-06
    2.08378e-06
    2.02474e-06
    1.96709e-06
    1.91267e-06
    1.85787e-06
    1.80568e-06
    1.76248e-06
    1.70528e-06
    1.65747e-06
    1.61075e-06
    1.56519e-06
    1.52173e-06
    1.48564e-06
    1.43739e-06
    1.39813e-06
    1.35738e-06
    1.31924e-06
    1.28209e-06
    1.24579e-06
    1.21226e-06
    1.17786e-06
    1.14454e-06
    1.11164e-06
    1.08007e-06
     1.0565e-06
    1.02017e-06
    9.94487e-07
    9.63672e-07
    9.36446e-07
    9.10106e-07
    8.84298e-07
    8.59431e-07
    8.35292e-07
    8.11642e-07
    7.89849e-07
    7.66816e-07
    7.45021e-07
    7.24308e-07
    7.03866e-07
     6.8398e-07
    6.64804e-07
    6.45967e-07
    6.27729e-07
    6.10341e-07
    5.92909e-07
    5.76275e-07
    5.60088e-07
    5.44403e-07
    5.28908e-07
    5.14202e-07
    4.99565e-07
    4.85452e-07
    4.73165e-07
    4.58488e-07
    4.45507e-07
    4.33061e-07
    4.20831e-07
    4.08967e-07
    3.97567e-07
    3.86302e-07
    3.75498e-07
    3.64884e-07
    3.54547e-07
    3.45545e-07
    3.34839e-07
    3.25444e-07
    3.16415e-07
    3.07344e-07
    2.98708e-07
     2.9037e-07
    2.82115e-07
    2.74288e-07
    2.66512e-07
    2.58939e-07
    2.51702e-07
    2.44574e-07
    2.37657e-07
    2.30959e-07
    2.24447e-07
    2.18135e-07
    2.11996e-07
    2.06044e-07
    2.00251e-07
    1.94598e-07
     1.8916e-07
    1.83806e-07
    1.78598e-07
    1.73592e-07
    1.68674e-07
    1.63943e-07
    1.59385e-07
    1.54815e-07
    1.50468e-07
    1.46243e-07
     1.4212e-07
    1.38143e-07
    1.34234e-07
    1.30444e-07
    1.26757e-07
    1.23197e-07
    1.19711e-07
    1.16333e-07
    1.13059e-07
     1.0987e-07
    1.06783e-07
    1.03803e-07
    1.00849e-07
    9.80247e-08
    9.52737e-08
    9.25645e-08
    8.99646e-08
    8.74244e-08
    8.49554e-08
    8.25957e-08
     8.0236e-08
    7.79801e-08
    7.57971e-08
    7.36423e-08
    7.15917e-08
    6.95673e-08
    6.75928e-08
    6.56986e-08
    6.38459e-08
    6.20387e-08
    6.02875e-08
    5.85893e-08
     5.6939e-08
     5.5333e-08
    5.37774e-08
    5.22721e-08
    5.07894e-08
    4.93658e-08
    4.79788e-08
    4.66195e-08
    4.53075e-08
    4.40266e-08
    4.27829e-08
    4.15943e-08
    4.04076e-08
    3.92689e-08
    3.81683e-08
    3.70892e-08
    3.60465e-08
    3.50354e-08
    3.40418e-08
    3.30795e-08
    3.21522e-08
    3.12422e-08
      3.036e-08
    2.95041e-08
    2.86731e-08
    2.78646e-08
    2.70846e-08
    2.63179e-08
    2.55796e-08
    2.48587e-08
    2.41551e-08
    2.34775e-08
    2.28123e-08
    2.21689e-08
    2.15505e-08
    2.09369e-08
    2.03486e-08
    1.97771e-08
    1.92161e-08
    1.86783e-08
    1.81505e-08
    1.76371e-08
    1.71412e-08
    1.66583e-08
    1.61875e-08
    1.57308e-08
    1.52877e-08
    1.48569e-08
    1.44379e-08
     1.4031e-08
    1.36378e-08
    1.32517e-08
    1.28799e-08
    1.25165e-08
    1.21626e-08
    1.18206e-08
    1.14864e-08
    1.11625e-08
    1.08508e-08
    1.05421e-08
    1.02453e-08
     9.9573e-09
    9.67543e-09
    9.40403e-09
    9.13786e-09
    8.88024e-09
    8.62994e-09
    8.38679e-09
    8.15024e-09
    7.92028e-09
    7.69717e-09
    7.48032e-09
    7.26936e-09
    7.06543e-09
    6.86553e-09
    6.67278e-09
    6.48473e-09
    6.30127e-09
    6.12414e-09
    5.95104e-09
    5.78317e-09
    5.62154e-09
    5.46174e-09
    5.30797e-09
    5.15825e-09
    5.01273e-09
    4.87148e-09
    4.73416e-09
    4.60067e-09
    4.47103e-09
    4.34493e-09
    4.22244e-09
    4.10336e-09
    3.98772e-09
    3.87533e-09
    3.76609e-09
    3.65991e-09
    3.55674e-09
    3.45647e-09
    3.35906e-09
    3.26433e-09
    3.17231e-09
    3.08287e-09
    2.99596e-09
     2.9115e-09
    2.82942e-09
    2.74966e-09
    2.67214e-09
    2.59681e-09
    2.52361e-09
    2.45246e-09
    2.38332e-09
    2.31613e-09
    2.25083e-09
    2.18738e-09
    2.12571e-09
    2.06579e-09
    2.00755e-09
    1.95095e-09
    1.89595e-09
     1.8425e-09
    1.79056e-09
    1.74008e-09
    1.69102e-09
    1.64335e-09
    1.59702e-09
      1.552e-09
    1.50825e-09
    1.46573e-09
    1.42441e-09
    1.38425e-09
    1.34523e-09
     1.3073e-09
    1.27045e-09
    1.23463e-09
    1.19982e-09
      1.166e-09
    1.13313e-09
    1.10118e-09
    1.07014e-09
    1.03997e-09
    1.01065e-09
     9.8216e-10
    9.54472e-10
    9.27564e-10
    9.01414e-10
    8.76002e-10
    8.51306e-10
    8.27306e-10
    8.03983e-10
    7.81318e-10
    7.59291e-10
    7.37886e-10
    7.17083e-10
    6.96868e-10
    6.77222e-10
     6.5813e-10
    6.39576e-10
    6.21546e-10
    6.04023e-10
    5.86995e-10
    5.70447e-10
    5.54365e-10
    5.38736e-10
    5.23549e-10
    5.08789e-10
    4.94445e-10
    4.80506e-10
     4.6696e-10
    4.53796e-10
    4.41002e-10
     4.2857e-10
    4.16488e-10
    4.04746e-10
    3.93336e-10
    3.82247e-10
    3.71471e-10
    3.60999e-10
    3.50821e-10
    3.40931e-10
     3.3132e-10
    3.21979e-10
    3.12902e-10
    3.04081e-10
    2.95509e-10
    2.87178e-10
    2.79082e-10
    2.71214e-10
    2.63568e-10
    2.56138e-10
    2.48917e-10
    2.41899e-10
     2.3508e-10
    2.28453e-10
    2.22012e-10
    2.15753e-10
    2.09671e-10
     2.0376e-10
    1.98016e-10
    1.92433e-10
    1.87008e-10
    1.81736e-10
    1.76613e-10
    1.71634e-10
    1.66795e-10
    1.62093e-10
    1.57523e-10
    1.53082e-10
    1.48767e-10
    1.44573e-10
    1.40497e-10
    1.36536e-10
    1.32687e-10
    1.28946e-10
    1.25311e-10
    1.21779e-10
    1.18345e-10
    1.15009e-10
    1.11767e-10
    1.08616e-10
    1.05554e-10
    1.02578e-10
    9.96862e-11
    9.68759e-11
    9.41449e-11
    9.14908e-11
    8.89115e-11
    8.64049e-11
     8.3969e-11
    8.16018e-11
    7.93013e-11
    7.70657e-11
    7.48931e-11
    7.27818e-11
    7.07299e-11
    6.87359e-11
    6.67982e-11
     6.4915e-11
     6.3085e-11
    6.13065e-11
    5.95782e-11
    5.78986e-11
    5.62663e-11
    5.46801e-11
    5.31386e-11
    5.16405e-11
    5.01847e-11
    4.87699e-11
     4.7395e-11
    4.60589e-11
    4.47604e-11
    4.34985e-11
    4.22722e-11
    4.10805e-11
    3.99224e-11
    3.87969e-11
    3.77032e-11
    3.66402e-11
    3.56073e-11
    3.46035e-11
    3.36279e-11
    3.26799e-11
    3.17586e-11
    3.08633e-11
    2.99932e-11
    2.91477e-11
    2.83259e-11
    2.75274e-11
    2.67513e-11
    2.59972e-11
    2.52643e-11
     2.4552e-11
    2.38599e-11
    2.31872e-11
    2.25336e-11
    2.18983e-11
    2.12809e-11
     2.0681e-11
     2.0098e-11
    1.95314e-11
    1.89808e-11
    1.84457e-11
    1.79256e-11
    1.74203e-11
    1.69292e-11
    1.64519e-11
    1.59881e-11
    1.55374e-11
    1.50994e-11
    1.46737e-11
      1.426e-11
     1.3858e-11
    1.34673e-11
    1.30877e-11
    1.27187e-11
    1.23601e-11
    1.20117e-11
    1.16731e-11
     1.1344e-11
    1.10242e-11
    1.07134e-11
    1.04114e-11
    1.01178e-11
    9.83261e-12
    9.55541e-12
    9.28603e-12
    9.02424e-12
    8.76984e-12
     8.5226e-12
    8.28233e-12
    8.04884e-12
    7.82193e-12
    7.60142e-12
    7.38712e-12
    7.17887e-12
    6.97649e-12
    6.77981e-12
    6.58867e-12
    6.40293e-12
    6.22242e-12
      6.047e-12
    5.87653e-12
    5.71086e-12
    5.54986e-12
     5.3934e-12
    5.24135e-12
    5.09359e-12
    4.94999e-12
    4.81045e-12
    4.67483e-12
    4.54304e-12
    4.41497e-12
     4.2905e-12
    4.16954e-12
      4.052e-12
    3.93777e-12
    3.82675e-12
    3.71887e-12
    3.61403e-12
    3.51215e-12
    3.41313e-12
    3.31691e-12
     3.2234e-12
    3.13253e-12
    3.04422e-12
     2.9584e-12
      2.875e-12
    2.79395e-12
    2.71518e-12
    2.63863e-12
    2.56425e-12
    2.49196e-12
     2.4217e-12
    2.35343e-12
    2.28709e-12
    2.22261e-12
    2.15995e-12
    2.09906e-12
    2.03988e-12
    1.98237e-12
    1.92649e-12
    1.87218e-12
     1.8194e-12
    1.76811e-12
    1.71826e-12
    1.66982e-12
    1.62275e-12
      1.577e-12
    1.53254e-12
    1.48934e-12
    1.44735e-12
    1.40655e-12
    1.36689e-12
    1.32836e-12
    1.29091e-12
    1.25452e-12
    1.21915e-12
    1.18478e-12
    1.15138e-12
    1.11892e-12
    1.08738e-12
    1.05672e-12
    1.02693e-12
     9.9798e-13
    9.69845e-13
    9.42504e-13
    9.15933e-13
    8.90111e-13
    8.65018e-13
    8.40631e-13
    8.16933e-13
    7.93902e-13
    7.71521e-13
     7.4977e-13
    7.28633e-13
    7.08092e-13
     6.8813e-13
     6.6873e-13
    6.49878e-13
    6.31557e-13
    6.13752e-13
    5.96449e-13
    5.79634e-13
    5.63294e-13
    5.47414e-13
    5.31981e-13
    5.16984e-13
    5.02409e-13
    4.88245e-13
    4.74481e-13
    4.61105e-13
    4.48105e-13
    4.35473e-13
    4.23196e-13
    4.11265e-13
    3.99671e-13
    3.88404e-13
    3.77454e-13
    3.66813e-13
    3.56472e-13
    3.46423e-13
    3.36656e-13
    3.27165e-13
    3.17942e-13
    3.08979e-13
    3.00268e-13
    2.91803e-13
    2.83577e-13
    2.75582e-13
    2.67813e-13
    2.60263e-13
    2.52926e-13
    2.45796e-13
    2.38866e-13
    2.32132e-13
    2.25588e-13
    2.19228e-13
    2.13048e-13
    2.07042e-13
    2.01205e-13
    1.95533e-13
     1.9002e-13
    1.84663e-13
    1.79457e-13
    1.74398e-13
    1.69482e-13
    1.64704e-13
     1.6006e-13
    1.55548e-13
    1.51163e-13
    1.46901e-13
     1.4276e-13
    1.38735e-13
    1.34824e-13
    1.31023e-13
     1.2733e-13
     1.2374e-13
    1.20252e-13
    1.16861e-13
    1.13567e-13
    1.10365e-13
    1.07254e-13
     1.0423e-13
    1.01292e-13
    9.84363e-14
    9.56612e-14
    9.29644e-14
    9.03436e-14
    8.77966e-14
    8.53215e-14
    8.29162e-14
    8.05786e-14
     7.8307e-14
    7.60994e-14
     7.3954e-14
    7.18691e-14
     6.9843e-14
    6.78741e-14
    6.59606e-14
     6.4101e-14
    6.22939e-14
    6.05378e-14
    5.88311e-14
    5.71726e-14
    5.55608e-14
    5.39944e-14
    5.24723e-14
