              0
              0
              0
              0
              0
              0
              0
              0
       0.300087
       0.151521
       0.227303
       0.186379
       0.193616
      0.0751152
       0.391642
       0.178666
       0.151377
      0.0817096
      0.0133291
      0.0136733
      0.0810588
       0.014986
      0.0204725
      0.0206193
        0.02241
      0.0230023
      0.0677882
      0.0221567
       0.213648
      0.0198938
      0.0216226
       0.104341
      0.0667152
      0.0681019
      0.0888079
      0.0207255
      0.0532562
      0.0432347
      0.0424606
      0.0498883
      0.0406684
      0.0292937
      0.0630408
      0.0195805
      0.0409182
      0.0388655
      0.0340153
      0.0191478
      0.0505245
      0.0424987
      0.0566524
      0.0274386
      0.0171203
      0.0270837
      0.0426541
      0.0267409
      0.0504078
      0.0450985
      0.0204422
      0.0156623
      0.0319623
       0.041855
      0.0384358
      0.0213235
      0.0378308
      0.0263622
         0.0167
      0.0131435
      0.0197441
      0.0285992
      0.0124861
      0.0167575
      0.0171468
      0.0139119
       0.011657
      0.0111144
      0.0142002
      0.0139691
      0.0202551
      0.0124488
      0.0155437
     0.00994429
      0.0219853
      0.0125719
      0.0106331
     0.00900431
     0.00875884
     0.00855825
     0.00829763
     0.00812984
     0.00793911
      0.0101142
     0.00759678
      0.0102001
      0.0117516
     0.00840995
     0.00969153
     0.00924724
       0.006612
     0.00974646
     0.00834459
      0.0105943
     0.00637005
     0.00641346
     0.00662752
     0.00598232
     0.00603306
     0.00527057
     0.00961872
     0.00566349
     0.00546962
      0.0059959
     0.00549259
     0.00448134
     0.00483593
     0.00508061
     0.00459253
     0.00435453
     0.00483112
      0.0040606
     0.00404725
     0.00559435
     0.00385734
     0.00386801
     0.00383581
     0.00407029
     0.00689395
     0.00311632
     0.00303169
     0.00296403
     0.00302337
     0.00323754
     0.00302959
     0.00265684
     0.00292571
     0.00252095
     0.00245107
     0.00243311
     0.00232488
     0.00285377
     0.00229216
     0.00245212
     0.00239572
     0.00236336
     0.00197733
     0.00192124
     0.00192009
     0.00203524
      0.0019548
     0.00172334
     0.00188713
     0.00180071
      0.0016894
     0.00165587
     0.00152905
     0.00156575
     0.00142345
     0.00148269
     0.00142335
     0.00147885
     0.00134145
     0.00133533
     0.00133834
     0.00119208
     0.00117303
      0.0012029
     0.00111088
     0.00108509
     0.00104732
    0.000994274
    0.000969193
      0.0010266
    0.000924996
    0.000910976
    0.000867333
    0.000911581
    0.000836054
    0.000829074
     0.00077793
    0.000766784
    0.000735823
    0.000728551
    0.000701426
    0.000676084
    0.000657903
    0.000638137
    0.000655461
    0.000623292
     0.00061862
    0.000599786
    0.000555914
      0.0005418
    0.000532303
    0.000511266
    0.000498063
    0.000564987
    0.000481381
    0.000457177
    0.000469603
    0.000499999
    0.000427988
    0.000408832
    0.000417082
    0.000387019
    0.000376869
    0.000432311
    0.000362218
    0.000345669
    0.000336059
    0.000326815
    0.000324179
     0.00030946
    0.000305992
    0.000292406
    0.000293528
    0.000291862
     0.00027413
    0.000262392
    0.000253827
    0.000246632
    0.000250723
    0.000233035
    0.000228313
    0.000222657
    0.000216449
    0.000213164
    0.000219141
    0.000198475
    0.000196931
    0.000190166
     0.00018329
    0.000180354
    0.000176517
    0.000168004
    0.000168284
    0.000158925
    0.000156361
    0.000149101
    0.000149801
    0.000141776
    0.000139775
    0.000137753
    0.000147066
    0.000132013
    0.000122225
    0.000126375
    0.000116376
    0.000114773
    0.000109164
    0.000106153
    0.000104201
    0.000101313
     9.7054e-05
    9.45018e-05
     9.3561e-05
    8.96214e-05
    8.66489e-05
    8.49327e-05
    8.20395e-05
    8.12517e-05
    7.80971e-05
    7.75236e-05
    7.39289e-05
    7.11557e-05
    7.00648e-05
    6.74569e-05
    6.54823e-05
    6.36287e-05
    6.17341e-05
    6.00223e-05
    5.83842e-05
    5.68509e-05
     5.6056e-05
    5.45514e-05
    5.22502e-05
    5.05811e-05
    4.93197e-05
    4.78475e-05
    4.64551e-05
    4.52004e-05
    4.38815e-05
     4.2952e-05
    4.15341e-05
    4.03231e-05
    3.93629e-05
    3.81505e-05
    3.70226e-05
    3.59746e-05
    3.49888e-05
    3.39963e-05
    3.30691e-05
    3.21422e-05
    3.26499e-05
    3.03696e-05
    2.95872e-05
    2.87454e-05
    2.79799e-05
    2.71413e-05
    2.63882e-05
    2.55648e-05
    2.48834e-05
     2.4204e-05
    2.35066e-05
    2.28283e-05
    2.26132e-05
    2.16507e-05
    2.09614e-05
    2.03835e-05
    1.97925e-05
    1.92621e-05
    1.87036e-05
    1.82679e-05
    1.77373e-05
    1.71705e-05
    1.67275e-05
    1.62288e-05
    1.58141e-05
    1.53459e-05
    1.48965e-05
    1.44803e-05
     1.4077e-05
    1.36823e-05
    1.32892e-05
    1.29158e-05
    1.25653e-05
    1.22003e-05
      1.187e-05
     1.1524e-05
    1.12535e-05
     1.0904e-05
    1.05838e-05
     1.0288e-05
    1.00727e-05
    9.71236e-06
    9.44125e-06
    9.19377e-06
    8.92149e-06
    8.68676e-06
    8.43769e-06
    8.39237e-06
    8.00648e-06
    7.73363e-06
     7.5168e-06
    7.30893e-06
     7.1253e-06
    6.93558e-06
    6.71065e-06
    6.53376e-06
    6.33582e-06
    6.15691e-06
    5.98408e-06
    5.82976e-06
    5.65146e-06
    5.49584e-06
    5.36508e-06
    5.18887e-06
    5.04289e-06
    4.90307e-06
    4.76345e-06
    4.63226e-06
     4.5022e-06
    4.37288e-06
    4.24978e-06
     4.1731e-06
    4.01759e-06
    3.90076e-06
    3.79258e-06
    3.68548e-06
    3.58259e-06
    3.48244e-06
    3.38251e-06
    3.28856e-06
    3.19519e-06
     3.1063e-06
    3.01712e-06
    2.93448e-06
     2.8507e-06
    2.77132e-06
    2.70717e-06
    2.61793e-06
    2.54357e-06
    2.47202e-06
    2.40356e-06
    2.33407e-06
    2.27395e-06
    2.20529e-06
    2.14263e-06
    2.08378e-06
    2.02383e-06
    1.96709e-06
    1.91464e-06
    1.85787e-06
     1.8066e-06
    1.75532e-06
    1.70528e-06
    1.66173e-06
    1.61272e-06
    1.56519e-06
    1.52173e-06
    1.47847e-06
    1.43964e-06
    1.39679e-06
    1.36364e-06
    1.32121e-06
    1.28209e-06
    1.24579e-06
    1.21135e-06
    1.17652e-06
    1.14363e-06
    1.11164e-06
    1.08098e-06
    1.05024e-06
    1.02017e-06
    9.91589e-07
    9.63672e-07
    9.37786e-07
    9.10106e-07
    8.84298e-07
    8.59431e-07
    8.35292e-07
    8.11642e-07
    7.88938e-07
    7.66816e-07
    7.45021e-07
    7.24308e-07
    7.03866e-07
     6.8398e-07
    6.64804e-07
    6.46878e-07
    6.27729e-07
    6.10341e-07
    5.92909e-07
    5.76275e-07
    5.60088e-07
    5.44403e-07
    5.28908e-07
    5.14202e-07
    4.99565e-07
    4.85452e-07
    4.71825e-07
    4.58488e-07
    4.45507e-07
    4.33061e-07
    4.20831e-07
    4.08967e-07
    3.97567e-07
    3.86302e-07
    3.75498e-07
    3.64884e-07
    3.54547e-07
    3.44634e-07
    3.34839e-07
    3.25444e-07
    3.16415e-07
    3.07344e-07
    2.98708e-07
     2.9037e-07
    2.82115e-07
    2.74288e-07
    2.66512e-07
    2.58939e-07
    2.51702e-07
    2.44574e-07
    2.37657e-07
    2.30959e-07
    2.24447e-07
    2.18135e-07
    2.11996e-07
    2.06044e-07
    2.00251e-07
    1.94598e-07
     1.8916e-07
    1.83806e-07
    1.78598e-07
    1.73592e-07
    1.68674e-07
    1.63943e-07
    1.59385e-07
    1.54815e-07
    1.50468e-07
    1.46243e-07
     1.4212e-07
    1.38143e-07
    1.34234e-07
    1.30444e-07
    1.26757e-07
    1.23197e-07
    1.19711e-07
    1.16333e-07
    1.13059e-07
     1.0987e-07
    1.06783e-07
    1.03803e-07
    1.00849e-07
    9.80247e-08
    9.52737e-08
    9.25645e-08
    8.99646e-08
    8.74244e-08
    8.49554e-08
    8.25957e-08
     8.0236e-08
    7.79801e-08
    7.57971e-08
    7.36423e-08
    7.15917e-08
    6.95673e-08
    6.75928e-08
    6.56986e-08
    6.38459e-08
    6.20387e-08
    6.02875e-08
    5.85893e-08
     5.6939e-08
     5.5333e-08
    5.37774e-08
    5.22721e-08
    5.07894e-08
    4.93658e-08
    4.79788e-08
    4.66195e-08
    4.53075e-08
    4.40266e-08
    4.27829e-08
    4.15943e-08
    4.04076e-08
    3.92689e-08
    3.81683e-08
    3.70892e-08
    3.60465e-08
    3.50354e-08
    3.40418e-08
    3.30795e-08
    3.21522e-08
    3.12422e-08
      3.036e-08
    2.95041e-08
    2.86731e-08
    2.78646e-08
    2.70846e-08
    2.63179e-08
    2.55796e-08
    2.48587e-08
    2.41551e-08
    2.34775e-08
    2.28123e-08
    2.21689e-08
    2.15505e-08
    2.09369e-08
    2.03486e-08
    1.97771e-08
    1.92161e-08
    1.86783e-08
    1.81505e-08
    1.76371e-08
    1.71412e-08
    1.66583e-08
    1.61875e-08
    1.57308e-08
    1.52877e-08
    1.48569e-08
    1.44379e-08
     1.4031e-08
    1.36378e-08
    1.32517e-08
    1.28799e-08
    1.25165e-08
    1.21626e-08
    1.18206e-08
    1.14864e-08
    1.11625e-08
    1.08508e-08
    1.05421e-08
    1.02453e-08
     9.9573e-09
    9.67543e-09
    9.40403e-09
    9.13786e-09
    8.88024e-09
    8.62994e-09
    8.38679e-09
    8.15024e-09
    7.92028e-09
    7.69717e-09
    7.48032e-09
    7.26936e-09
    7.06543e-09
    6.86553e-09
    6.67278e-09
    6.48473e-09
    6.30127e-09
    6.12414e-09
    5.95104e-09
    5.78317e-09
    5.62154e-09
    5.46174e-09
    5.30797e-09
    5.15825e-09
    5.01273e-09
    4.87148e-09
    4.73416e-09
    4.60067e-09
    4.47103e-09
    4.34493e-09
    4.22244e-09
    4.10336e-09
    3.98772e-09
    3.87533e-09
    3.76609e-09
    3.65991e-09
    3.55674e-09
    3.45647e-09
    3.35906e-09
    3.26433e-09
    3.17231e-09
    3.08287e-09
    2.99596e-09
     2.9115e-09
    2.82942e-09
    2.74966e-09
    2.67214e-09
    2.59681e-09
    2.52361e-09
    2.45246e-09
    2.38332e-09
    2.31613e-09
    2.25083e-09
    2.18738e-09
    2.12571e-09
    2.06579e-09
    2.00755e-09
    1.95095e-09
    1.89595e-09
     1.8425e-09
    1.79056e-09
    1.74008e-09
    1.69102e-09
    1.64335e-09
    1.59702e-09
      1.552e-09
    1.50825e-09
    1.46573e-09
    1.42441e-09
    1.38425e-09
    1.34523e-09
     1.3073e-09
    1.27045e-09
    1.23463e-09
    1.19982e-09
      1.166e-09
    1.13313e-09
    1.10118e-09
    1.07014e-09
    1.03997e-09
    1.01065e-09
     9.8216e-10
    9.54472e-10
    9.27564e-10
    9.01414e-10
    8.76002e-10
    8.51306e-10
    8.27306e-10
    8.03983e-10
    7.81318e-10
    7.59291e-10
    7.37886e-10
    7.17083e-10
    6.96868e-10
    6.77222e-10
     6.5813e-10
    6.39576e-10
    6.21546e-10
    6.04023e-10
    5.86995e-10
    5.70447e-10
    5.54365e-10
    5.38736e-10
    5.23549e-10
    5.08789e-10
    4.94445e-10
    4.80506e-10
     4.6696e-10
    4.53796e-10
    4.41002e-10
     4.2857e-10
    4.16488e-10
    4.04746e-10
    3.93336e-10
    3.82247e-10
    3.71471e-10
    3.60999e-10
    3.50821e-10
    3.40931e-10
     3.3132e-10
    3.21979e-10
    3.12902e-10
    3.04081e-10
    2.95509e-10
    2.87178e-10
    2.79082e-10
    2.71214e-10
    2.63568e-10
    2.56138e-10
    2.48917e-10
    2.41899e-10
     2.3508e-10
    2.28453e-10
    2.22012e-10
    2.15753e-10
    2.09671e-10
     2.0376e-10
    1.98016e-10
    1.92433e-10
    1.87008e-10
    1.81736e-10
    1.76613e-10
    1.71634e-10
    1.66795e-10
    1.62093e-10
    1.57523e-10
    1.53082e-10
    1.48767e-10
    1.44573e-10
    1.40497e-10
    1.36536e-10
    1.32687e-10
    1.28946e-10
    1.25311e-10
    1.21779e-10
    1.18345e-10
    1.15009e-10
    1.11767e-10
    1.08616e-10
    1.05554e-10
    1.02578e-10
    9.96862e-11
    9.68759e-11
    9.41449e-11
    9.14908e-11
    8.89115e-11
    8.64049e-11
     8.3969e-11
    8.16018e-11
    7.93013e-11
    7.70657e-11
    7.48931e-11
    7.27818e-11
    7.07299e-11
    6.87359e-11
    6.67982e-11
     6.4915e-11
     6.3085e-11
    6.13065e-11
    5.95782e-11
    5.78986e-11
    5.62663e-11
    5.46801e-11
    5.31386e-11
    5.16405e-11
    5.01847e-11
    4.87699e-11
     4.7395e-11
    4.60589e-11
    4.47604e-11
    4.34985e-11
    4.22722e-11
    4.10805e-11
    3.99224e-11
    3.87969e-11
    3.77032e-11
    3.66402e-11
    3.56073e-11
    3.46035e-11
    3.36279e-11
    3.26799e-11
    3.17586e-11
    3.08633e-11
    2.99932e-11
    2.91477e-11
    2.83259e-11
    2.75274e-11
    2.67513e-11
    2.59972e-11
    2.52643e-11
     2.4552e-11
    2.38599e-11
    2.31872e-11
    2.25336e-11
    2.18983e-11
    2.12809e-11
     2.0681e-11
     2.0098e-11
    1.95314e-11
    1.89808e-11
    1.84457e-11
    1.79256e-11
    1.74203e-11
    1.69292e-11
    1.64519e-11
    1.59881e-11
    1.55374e-11
    1.50994e-11
    1.46737e-11
      1.426e-11
     1.3858e-11
    1.34673e-11
    1.30877e-11
    1.27187e-11
    1.23601e-11
    1.20117e-11
    1.16731e-11
     1.1344e-11
    1.10242e-11
    1.07134e-11
    1.04114e-11
    1.01178e-11
    9.83261e-12
    9.55541e-12
    9.28603e-12
    9.02424e-12
    8.76984e-12
     8.5226e-12
    8.28233e-12
    8.04884e-12
    7.82193e-12
    7.60142e-12
    7.38712e-12
    7.17887e-12
    6.97649e-12
    6.77981e-12
    6.58867e-12
    6.40293e-12
    6.22242e-12
      6.047e-12
    5.87653e-12
    5.71086e-12
    5.54986e-12
     5.3934e-12
    5.24135e-12
    5.09359e-12
    4.94999e-12
    4.81045e-12
    4.67483e-12
    4.54304e-12
    4.41497e-12
     4.2905e-12
    4.16954e-12
      4.052e-12
    3.93777e-12
    3.82675e-12
    3.71887e-12
    3.61403e-12
    3.51215e-12
    3.41313e-12
    3.31691e-12
     3.2234e-12
    3.13253e-12
    3.04422e-12
     2.9584e-12
      2.875e-12
    2.79395e-12
    2.71518e-12
    2.63863e-12
    2.56425e-12
    2.49196e-12
     2.4217e-12
    2.35343e-12
    2.28709e-12
    2.22261e-12
    2.15995e-12
    2.09906e-12
    2.03988e-12
    1.98237e-12
    1.92649e-12
    1.87218e-12
     1.8194e-12
    1.76811e-12
    1.71826e-12
    1.66982e-12
    1.62275e-12
      1.577e-12
    1.53254e-12
    1.48934e-12
    1.44735e-12
    1.40655e-12
    1.36689e-12
    1.32836e-12
    1.29091e-12
    1.25452e-12
    1.21915e-12
    1.18478e-12
    1.15138e-12
    1.11892e-12
    1.08738e-12
    1.05672e-12
    1.02693e-12
     9.9798e-13
    9.69845e-13
    9.42504e-13
    9.15933e-13
    8.90111e-13
    8.65018e-13
    8.40631e-13
    8.16933e-13
    7.93902e-13
    7.71521e-13
     7.4977e-13
    7.28633e-13
    7.08092e-13
     6.8813e-13
     6.6873e-13
    6.49878e-13
    6.31557e-13
    6.13752e-13
    5.96449e-13
    5.79634e-13
    5.63294e-13
    5.47414e-13
    5.31981e-13
    5.16984e-13
    5.02409e-13
    4.88245e-13
    4.74481e-13
    4.61105e-13
    4.48105e-13
    4.35473e-13
    4.23196e-13
    4.11265e-13
    3.99671e-13
    3.88404e-13
    3.77454e-13
    3.66813e-13
    3.56472e-13
    3.46423e-13
    3.36656e-13
    3.27165e-13
    3.17942e-13
    3.08979e-13
    3.00268e-13
    2.91803e-13
    2.83577e-13
    2.75582e-13
    2.67813e-13
    2.60263e-13
    2.52926e-13
    2.45796e-13
    2.38866e-13
    2.32132e-13
    2.25588e-13
    2.19228e-13
    2.13048e-13
    2.07042e-13
    2.01205e-13
    1.95533e-13
     1.9002e-13
    1.84663e-13
    1.79457e-13
    1.74398e-13
    1.69482e-13
    1.64704e-13
     1.6006e-13
    1.55548e-13
    1.51163e-13
    1.46901e-13
     1.4276e-13
    1.38735e-13
    1.34824e-13
    1.31023e-13
     1.2733e-13
     1.2374e-13
    1.20252e-13
    1.16861e-13
    1.13567e-13
    1.10365e-13
    1.07254e-13
     1.0423e-13
    1.01292e-13
    9.84363e-14
    9.56612e-14
    9.29644e-14
    9.03436e-14
    8.77966e-14
    8.53215e-14
    8.29162e-14
    8.05786e-14
     7.8307e-14
    7.60994e-14
     7.3954e-14
    7.18691e-14
     6.9843e-14
    6.78741e-14
    6.59606e-14
     6.4101e-14
    6.22939e-14
    6.05378e-14
    5.88311e-14
    5.71726e-14
    5.55608e-14
    5.39944e-14
    5.24723e-14
